MutationsType	Signature A	Signature B	Signature C	Signature D	Signature E	Signature F	Signature G	Signature H	Signature I
A[C>A]A	4.50E-05	1.05E-04	1.19E-04	1.64E-04	1.99E-04	5.39E-05	3.14E-04	7.92E-05	1.01E-04
A[C>A]C	3.75E-05	6.46E-05	9.49E-05	8.67E-05	1.10E-04	4.04E-05	1.23E-04	6.73E-05	6.07E-05
A[C>A]G	7.42E-06	2.02E-05	1.57E-05	2.77E-05	2.80E-05	8.93E-06	3.60E-05	1.46E-05	2.04E-05
A[C>A]T	4.27E-05	7.08E-05	8.05E-05	9.68E-05	1.03E-04	4.29E-05	1.21E-04	6.34E-05	6.68E-05
A[C>G]A	2.64E-05	5.22E-05	5.87E-05	5.46E-05	4.90E-05	4.75E-06	1.38E-04	4.04E-05	3.84E-05
A[C>G]C	8.89E-06	3.74E-05	3.79E-05	3.26E-05	3.45E-05	9.45E-06	1.07E-04	2.67E-05	2.63E-05
A[C>G]G	5.52E-06	1.75E-05	9.24E-06	2.31E-05	1.75E-05	1.02E-05	4.92E-05	4.40E-06	1.21E-05
A[C>G]T	1.67E-05	6.30E-05	4.19E-05	4.09E-05	5.44E-05	1.74E-05	2.17E-04	2.65E-05	3.67E-05
A[C>T]A	1.02E-04	9.87E-05	1.01E-04	1.11E-04	1.00E-04	9.66E-05	2.69E-04	1.51E-04	8.70E-05
A[C>T]C	5.75E-05	6.81E-05	1.35E-04	1.01E-04	6.96E-05	7.64E-05	1.56E-04	1.43E-04	6.58E-05
A[C>T]G	3.36E-05	9.83E-05	5.11E-05	3.50E-04	6.22E-05	2.78E-05	2.27E-04	8.23E-05	2.06E-04
A[C>T]T	6.31E-05	7.40E-05	1.49E-04	1.27E-04	9.23E-05	9.92E-05	2.00E-04	1.67E-04	7.68E-05
A[T>A]A	1.26E-04	5.37E-05	1.54E-04	6.66E-05	6.96E-05	4.79E-05	1.20E-04	8.53E-05	4.54E-05
A[T>A]C	3.82E-05	3.62E-05	6.40E-05	4.77E-05	4.47E-05	2.29E-05	5.46E-05	2.99E-05	3.67E-05
A[T>A]G	1.22E-04	7.32E-05	1.24E-04	5.32E-05	9.11E-05	7.32E-05	2.16E-04	5.29E-05	3.90E-05
A[T>A]T	4.45E-05	6.50E-05	1.31E-04	9.58E-05	7.32E-05	3.49E-05	2.18E-04	6.72E-05	6.31E-05
A[T>C]A	1.80E-04	1.62E-04	2.59E-04	8.54E-05	2.30E-04	1.49E-04	2.30E-04	2.27E-04	4.96E-05
A[T>C]C	4.28E-05	7.10E-05	7.14E-05	6.21E-05	9.20E-05	1.14E-05	9.17E-05	7.57E-05	4.49E-05
A[T>C]G	1.75E-04	1.74E-04	3.23E-04	6.49E-06	2.73E-04	1.71E-04	2.58E-04	2.05E-04	1.58E-06
A[T>C]T	1.23E-04	1.43E-04	1.89E-04	7.81E-05	1.77E-04	9.68E-05	1.47E-04	1.80E-04	5.30E-05
A[T>G]A	2.51E-05	3.86E-05	5.26E-05	3.34E-05	3.86E-05	1.12E-05	8.35E-05	4.79E-05	1.91E-05
A[T>G]C	1.19E-05	3.13E-05	1.88E-05	2.32E-05	2.62E-05	1.17E-05	1.04E-04	1.58E-05	2.48E-05
A[T>G]G	2.31E-05	2.49E-05	8.47E-05	3.06E-05	2.81E-05	2.76E-05	8.52E-05	4.33E-05	2.56E-05
A[T>G]T	1.88E-05	4.59E-05	3.47E-05	6.22E-05	3.95E-05	1.54E-05	1.60E-04	3.17E-05	9.36E-05
C[C>A]A	7.90E-05	8.84E-05	1.68E-04	1.05E-04	1.68E-04	4.91E-05	2.18E-04	7.48E-05	6.50E-05
C[C>A]C	2.40E-05	6.21E-05	7.97E-05	8.22E-05	1.10E-04	4.22E-05	1.33E-04	7.58E-05	6.01E-05
C[C>A]G	8.42E-06	1.90E-05	1.72E-05	2.79E-05	2.93E-05	1.29E-05	5.14E-05	1.52E-05	1.82E-05
C[C>A]T	5.50E-05	7.18E-05	9.13E-05	9.67E-05	1.23E-04	4.56E-05	1.54E-04	6.94E-05	6.19E-05
C[C>G]A	2.15E-05	3.11E-05	8.34E-05	3.62E-05	4.38E-05	2.91E-05	9.66E-05	3.89E-05	2.53E-05
C[C>G]C	1.76E-05	2.70E-05	7.73E-05	3.42E-05	3.56E-05	2.36E-05	6.81E-05	4.12E-05	1.68E-05
C[C>G]G	7.26E-06	1.66E-05	1.53E-05	2.54E-05	2.30E-05	5.72E-06	3.64E-05	1.60E-05	2.72E-06
C[C>G]T	2.27E-05	3.02E-05	1.01E-04	3.90E-05	4.67E-05	2.94E-05	1.02E-04	4.54E-05	2.30E-05
C[C>T]A	5.93E-05	1.07E-04	1.17E-04	1.21E-04	8.29E-05	1.31E-04	1.70E-04	2.92E-04	7.22E-05
C[C>T]C	4.53E-05	7.54E-05	8.97E-05	1.35E-04	8.79E-05	7.96E-05	1.61E-04	1.53E-04	8.03E-05
C[C>T]G	1.79E-05	5.61E-05	4.34E-05	1.71E-04	6.02E-05	3.11E-05	1.14E-04	4.92E-05	1.09E-04
C[C>T]T	7.08E-05	1.23E-04	1.62E-04	1.28E-04	8.47E-05	1.29E-04	1.85E-04	2.78E-04	2.47E-05
C[T>A]A	3.30E-04	7.23E-05	3.36E-04	5.34E-05	2.06E-05	5.48E-05	1.84E-04	1.10E-04	3.67E-06
C[T>A]C	1.27E-04	5.22E-05	1.24E-04	6.25E-05	5.21E-05	3.78E-05	1.07E-04	3.64E-05	4.69E-05
C[T>A]G	2.64E-04	7.78E-05	2.52E-04	8.47E-06	1.06E-04	9.65E-05	4.22E-04	1.18E-04	4.42E-05
C[T>A]T	1.95E-04	8.65E-05	1.94E-04	8.68E-05	9.05E-05	5.14E-05	1.21E-04	5.14E-05	8.48E-05
C[T>C]A	7.74E-05	1.68E-05	3.01E-04	4.31E-24	1.91E-04	9.09E-05	6.10E-05	1.28E-04	3.64E-05
C[T>C]C	4.34E-05	3.61E-05	6.49E-05	5.75E-05	7.29E-05	3.73E-05	8.65E-05	4.66E-05	5.88E-05
C[T>C]G	1.40E-04	2.63E-05	1.05E-04	2.16E-05	1.66E-04	7.52E-05	1.37E-04	7.79E-05	5.66E-05
C[T>C]T	1.38E-04	4.82E-05	1.35E-04	6.25E-05	1.83E-04	7.70E-05	1.31E-04	1.09E-04	1.13E-04
C[T>G]A	2.22E-05	9.07E-06	7.88E-05	1.60E-05	1.26E-05	1.84E-05	9.29E-05	5.43E-05	1.01E-05
C[T>G]C	1.70E-05	2.17E-05	4.14E-05	2.73E-05	2.47E-05	7.56E-06	5.48E-05	3.20E-05	2.66E-05
C[T>G]G	3.31E-05	6.85E-06	2.18E-04	1.08E-05	5.73E-05	4.23E-05	2.80E-04	9.99E-05	2.37E-05
C[T>G]T	2.42E-05	6.04E-05	8.22E-05	5.47E-05	6.73E-05	2.14E-05	1.95E-04	6.41E-05	2.38E-04
G[C>A]A	2.81E-05	5.91E-05	9.27E-05	8.74E-05	8.34E-05	3.71E-05	1.16E-04	5.54E-05	6.88E-05
G[C>A]C	2.02E-05	3.71E-05	1.03E-04	5.84E-05	5.62E-05	3.00E-05	9.51E-05	5.63E-05	4.72E-05
G[C>A]G	5.30E-06	1.61E-05	1.02E-05	2.47E-05	1.86E-05	8.99E-06	3.72E-05	1.23E-05	1.38E-05
G[C>A]T	2.69E-05	7.34E-05	1.86E-04	1.14E-04	5.37E-05	4.36E-05	2.11E-04	9.43E-05	9.47E-05
G[C>G]A	1.58E-05	2.65E-05	1.61E-04	2.56E-05	4.97E-05	2.02E-05	1.62E-04	7.10E-05	2.24E-05
G[C>G]C	2.83E-05	1.70E-04	1.10E-04	1.61E-05	5.49E-05	2.51E-05	5.49E-04	5.79E-05	5.29E-05
G[C>G]G	3.95E-06	1.33E-05	1.27E-05	1.67E-05	1.24E-05	3.17E-06	3.44E-05	8.30E-06	6.12E-06
G[C>G]T	1.55E-05	4.01E-05	1.30E-04	4.03E-05	4.76E-05	2.01E-05	9.49E-05	5.18E-05	2.85E-05
G[C>T]A	6.05E-05	1.07E-04	1.27E-04	1.08E-04	3.85E-05	1.17E-04	1.54E-04	2.36E-04	6.98E-05
G[C>T]C	2.63E-05	6.48E-05	2.39E-04	1.80E-04	2.14E-05	1.36E-04	2.37E-04	3.11E-04	1.05E-04
G[C>T]G	1.95E-05	3.51E-05	6.68E-05	2.97E-04	4.73E-05	3.66E-05	1.67E-04	7.46E-05	1.74E-04
G[C>T]T	1.04E-05	1.06E-04	3.43E-04	1.50E-04	4.58E-05	1.24E-04	3.54E-04	2.43E-04	8.96E-05
G[T>A]A	1.04E-04	4.06E-05	1.04E-04	4.32E-05	4.64E-05	3.09E-05	7.00E-05	4.70E-05	3.05E-05
G[T>A]C	4.37E-05	2.43E-05	5.93E-05	4.12E-05	2.31E-05	6.62E-06	5.87E-05	2.47E-05	3.10E-05
G[T>A]G	8.68E-05	4.36E-05	7.95E-05	4.94E-05	6.27E-05	4.19E-05	1.09E-04	4.02E-05	2.64E-05
G[T>A]T	4.19E-05	3.48E-05	5.96E-05	5.19E-05	4.27E-05	1.84E-05	7.33E-05	3.72E-05	4.18E-05
G[T>C]A	7.06E-05	4.43E-05	3.31E-04	6.43E-05	1.80E-04	8.18E-05	9.88E-05	1.19E-04	4.96E-05
G[T>C]C	5.04E-05	3.79E-05	4.48E-05	7.03E-05	6.67E-05	3.13E-05	1.04E-04	3.53E-05	5.30E-05
G[T>C]G	1.22E-04	4.10E-05	1.05E-04	4.89E-05	1.45E-04	6.54E-05	8.52E-05	7.80E-05	4.85E-05
G[T>C]T	8.75E-05	4.42E-05	1.43E-04	6.30E-05	1.40E-04	6.31E-05	9.63E-05	8.11E-05	5.32E-05
G[T>G]A	1.04E-05	1.52E-05	2.89E-05	1.84E-05	1.97E-05	1.05E-05	4.15E-05	2.74E-05	1.76E-05
G[T>G]C	7.91E-06	1.81E-05	1.71E-05	2.18E-05	1.64E-05	4.10E-06	5.61E-05	1.54E-05	2.58E-05
G[T>G]G	1.32E-05	2.07E-05	5.49E-05	3.74E-05	2.12E-05	1.54E-05	6.69E-05	3.44E-05	2.74E-05
G[T>G]T	1.75E-05	3.84E-05	2.77E-05	6.75E-05	1.63E-05	1.29E-05	1.30E-04	2.71E-05	1.13E-04
T[C>A]A	2.91E-05	8.41E-05	7.12E-05	1.35E-04	1.28E-04	4.89E-05	1.68E-04	5.09E-05	9.08E-05
T[C>A]C	2.85E-05	7.26E-05	7.72E-05	9.91E-05	1.20E-04	4.04E-05	1.41E-04	7.29E-05	6.46E-05
T[C>A]G	4.72E-06	1.81E-05	8.72E-06	2.71E-05	2.58E-05	1.03E-05	2.79E-05	1.02E-05	1.78E-05
T[C>A]T	3.59E-05	1.22E-04	1.12E-04	1.73E-04	1.54E-04	5.78E-05	2.26E-04	9.50E-05	1.29E-04
T[C>G]A	3.39E-05	5.11E-05	1.13E-04	9.19E-06	4.98E-05	3.18E-05	9.10E-05	5.50E-05	2.48E-05
T[C>G]C	2.16E-05	3.93E-05	8.29E-05	3.83E-05	3.78E-05	2.44E-05	7.71E-05	4.32E-05	2.50E-05
T[C>G]G	4.03E-06	1.39E-05	1.13E-05	1.87E-05	1.60E-05	8.48E-06	3.73E-05	8.29E-06	7.28E-06
T[C>G]T	3.61E-05	7.42E-05	1.23E-04	3.25E-05	6.29E-05	3.31E-05	1.69E-04	5.83E-05	3.99E-05
T[C>T]A	7.62E-05	9.83E-05	7.97E-05	1.16E-04	8.61E-05	1.19E-04	2.41E-04	2.30E-04	6.59E-05
T[C>T]C	6.84E-05	8.72E-05	8.01E-05	1.19E-04	9.51E-05	9.19E-05	2.53E-04	1.39E-04	7.67E-05
T[C>T]G	1.50E-05	4.68E-05	3.27E-05	1.52E-04	4.88E-05	2.63E-05	1.21E-04	3.80E-05	9.35E-05
T[C>T]T	9.04E-05	9.80E-05	1.82E-04	1.39E-04	9.52E-05	1.11E-04	1.90E-04	1.93E-04	7.68E-05
T[T>A]A	1.87E-04	6.12E-05	2.98E-04	9.49E-05	7.35E-05	3.99E-05	1.27E-04	8.85E-05	6.57E-05
T[T>A]C	5.08E-05	3.24E-05	7.06E-05	4.27E-05	4.62E-05	2.57E-05	7.67E-05	1.74E-05	3.22E-05
T[T>A]G	1.16E-04	4.59E-05	1.02E-04	4.21E-05	6.42E-05	5.06E-05	1.30E-04	4.31E-05	2.05E-05
T[T>A]T	7.99E-05	5.93E-05	1.38E-04	7.56E-05	6.34E-05	3.49E-05	8.43E-05	5.47E-05	5.97E-05
T[T>C]A	9.34E-05	8.49E-06	4.08E-04	4.56E-05	2.63E-04	1.08E-04	7.28E-05	1.57E-04	2.54E-05
T[T>C]C	5.37E-05	4.02E-05	6.51E-05	6.06E-05	6.87E-05	2.10E-05	9.43E-05	5.32E-05	4.73E-05
T[T>C]G	1.46E-04	3.55E-05	1.22E-04	3.82E-05	1.73E-04	8.26E-05	1.27E-04	8.08E-05	4.13E-05
T[T>C]T	9.04E-05	4.36E-05	1.53E-04	7.08E-05	1.62E-04	7.02E-05	1.02E-04	9.70E-05	5.67E-05
T[T>G]A	2.39E-05	3.15E-05	5.20E-05	2.95E-05	3.15E-05	2.04E-05	6.79E-05	4.31E-05	2.62E-05
T[T>G]C	1.51E-05	2.79E-05	2.74E-05	3.10E-05	2.32E-05	1.08E-05	6.89E-05	2.34E-05	2.38E-05
T[T>G]G	2.31E-05	2.25E-05	1.38E-04	3.52E-05	5.24E-05	3.46E-05	1.35E-04	6.33E-05	2.55E-05
T[T>G]T	3.62E-05	7.10E-05	6.20E-05	9.01E-05	2.53E-05	5.72E-06	2.21E-04	4.89E-05	1.05E-04
