MutationsType	Signature A	Signature B	Signature C	Signature D	Signature E	Signature F	Signature G	Signature H	Signature I
A[C>A]A	0.00378188	0.06230873	0.01079718	0.01714724	0.02323253	0.00367777	0.03578715	0.00294270	0.01476138
A[C>A]C	0.00335717	0.02880574	0.01845615	0.01836909	0.01007355	0.00348978	0.01932861	0.00676737	0.00887760
A[C>A]G	0.00035621	0.00487331	0.00043380	0.00315838	0.00292970	0.00024423	0.00145668	0.00097834	0.00105989
A[C>A]T	0.00549971	0.03052289	0.01611841	0.01237097	0.01372632	0.00504117	0.01536890	0.00441813	0.01547119
A[C>G]A	0.00279794	0.01077841	0.00641021	0.01079543	0.00620561	0.00002360	0.02032495	0.00263611	0.00273613
A[C>G]C	0.00010089	0.00547749	0.00308165	0.00149712	0.00286837	0.00023935	0.01423173	0.00172930	0.00214072
A[C>G]G	0.00014657	0.00182328	0.00041795	0.00216153	0.00061990	0.00083835	0.00414253	0.00005908	0.00037204
A[C>G]T	0.00018165	0.00762200	0.00316457	0.00213205	0.00776322	0.00059706	0.02640485	0.00070156	0.00349935
A[C>T]A	0.01758191	0.03064052	0.00085657	0.03167408	0.00430181	0.04852375	0.02883254	0.03838395	0.01305002
A[C>T]C	0.00820645	0.01103193	0.00889041	0.01180414	0.00457430	0.01896434	0.01744020	0.05488529	0.00763829
A[C>T]G	0.00158919	0.01362500	0.00116605	0.13517970	0.00110927	0.00048686	0.01269173	0.00545854	0.04660269
A[C>T]T	0.01306907	0.02549936	0.00551435	0.01236292	0.00736069	0.03876888	0.01310018	0.07032801	0.00543263
A[T>A]A	0.03329912	0.01164532	0.02826880	0.00864641	0.01629160	0.00212767	0.01220120	0.00644181	0.00253528
A[T>A]C	0.00701024	0.00961861	0.00516052	0.00567304	0.00491704	0.00186583	0.00236138	0.00160973	0.00585153
A[T>A]G	0.01989258	0.01033673	0.03481793	0.00267763	0.02268171	0.00803014	0.00321234	0.00021818	0.00303399
A[T>A]T	0.02194046	0.01316272	0.00656852	0.02638923	0.00956773	0.00135190	0.02428905	0.00715103	0.01095378
A[T>C]A	0.02182021	0.00675170	0.01900999	0.00975836	0.09935022	0.00928098	0.00423555	0.01650681	0.00161042
A[T>C]C	0.00558537	0.00902256	0.00113957	0.00853640	0.02757483	0.00004609	0.00415445	0.00536319	0.00496572
A[T>C]G	0.00734582	0.00574937	0.02342334	0.00002483	0.11179532	0.02019783	0.00222669	0.00649947	0.00000350
A[T>C]T	0.00890259	0.01186019	0.00750181	0.00835187	0.07443560	0.00340323	0.00736475	0.01518536	0.00276912
A[T>G]A	0.00711872	0.00437122	0.00585449	0.00204887	0.00239378	0.00016941	0.01312126	0.00722898	0.00050092
A[T>G]C	0.00072326	0.00333498	0.00071328	0.00066582	0.00105616	0.00056865	0.01102576	0.00079211	0.00302277
A[T>G]G	0.00369517	0.00332005	0.01276993	0.00114075	0.00067868	0.00496939	0.00710738	0.00133799	0.00179087
A[T>G]T	0.00117619	0.00531835	0.00159477	0.00301935	0.00147811	0.00088375	0.01533307	0.00207872	0.03728115
C[C>A]A	0.01056634	0.04037134	0.00919423	0.01408633	0.02099792	0.00824058	0.02074549	0.00654168	0.00538678
C[C>A]C	0.00144800	0.02492406	0.01247155	0.01762474	0.01715415	0.00693210	0.01459462	0.01350784	0.00689275
C[C>A]G	0.00041680	0.00425211	0.00063171	0.00173332	0.00254355	0.00077057	0.00375276	0.00092358	0.00090832
C[C>A]T	0.00561134	0.03277783	0.01482200	0.00864723	0.00918993	0.01072191	0.01896229	0.00559000	0.00666707
C[C>G]A	0.00463818	0.00579040	0.01235654	0.00267760	0.00523336	0.00392738	0.00813163	0.00113305	0.00116468
C[C>G]C	0.00150566	0.00291075	0.00823804	0.00387157	0.00297012	0.00355354	0.00812513	0.00561489	0.00041247
C[C>G]G	0.00021839	0.00204965	0.00064276	0.00365022	0.00291829	0.00008509	0.00232115	0.00091722	0.00002191
C[C>G]T	0.00264688	0.00576999	0.01226473	0.00331689	0.00795852	0.00258268	0.00857853	0.00178724	0.00070035
C[C>T]A	0.01459776	0.02270637	0.00160775	0.00899598	0.00537805	0.08004519	0.00750792	0.02773029	0.00738588
C[C>T]C	0.00348677	0.02221899	0.00130118	0.01293645	0.00692582	0.03425637	0.00620029	0.05080976	0.01450350
C[C>T]G	0.00028757	0.00882688	0.00216240	0.06643012	0.00501866	0.00379201	0.00480126	0.00343585	0.02078636
C[C>T]T	0.00840019	0.01525789	0.01276329	0.00512830	0.00682126	0.09385386	0.00606114	0.06154751	0.00020733
C[T>A]A	0.04783129	0.00792333	0.04698518	0.00249326	0.00007153	0.00073342	0.00226582	0.00517693	0.00001290
C[T>A]C	0.01904265	0.00988820	0.02201675	0.00847689	0.00234374	0.00161457	0.00383593	0.00036174	0.01002077
C[T>A]G	0.03317571	0.00747749	0.06862569	0.00003508	0.00575703	0.01777438	0.00653243	0.00084797	0.00175594
C[T>A]T	0.02347580	0.01506524	0.02961346	0.01262730	0.00485648	0.00332538	0.00248339	0.00064758	0.03547000
C[T>C]A	0.06246047	0.00024328	0.00568084	0.00000000	0.01705498	0.01056493	0.00125173	0.00859947	0.00179982
C[T>C]C	0.01481475	0.00345834	0.00260279	0.00569048	0.00769387	0.00455327	0.00590170	0.00312146	0.02081658
C[T>C]G	0.02557570	0.00007586	0.01010285	0.00027485	0.03040792	0.01968665	0.00181586	0.00081081	0.01791529
C[T>C]T	0.03794658	0.00380587	0.00745227	0.00175603	0.03164734	0.00976618	0.00283983	0.00656511	0.05058773
C[T>G]A	0.00387291	0.00020228	0.01112077	0.00039535	0.00011543	0.00083448	0.00363289	0.00784683	0.00019869
C[T>G]C	0.00295097	0.00228540	0.00642958	0.00108488	0.00100546	0.00013328	0.00548749	0.00175970	0.00476764
C[T>G]G	0.00491649	0.00000956	0.02854901	0.00011465	0.00292031	0.00417230	0.00302824	0.00777732	0.00080731
C[T>G]T	0.00067026	0.00193450	0.00866847	0.00064822	0.00428621	0.00062416	0.00795392	0.00209153	0.11356121
G[C>A]A	0.00231232	0.02504425	0.01564068	0.01553674	0.00707706	0.00448969	0.01158372	0.00261371	0.01378004
G[C>A]C	0.00134522	0.01116770	0.01496010	0.00880514	0.00418515	0.00281933	0.01262554	0.00637036	0.00846190
G[C>A]G	0.00016395	0.00317630	0.00022255	0.00290130	0.00086836	0.00049212	0.00202112	0.00137163	0.00037910
G[C>A]T	0.00155598	0.02138047	0.02473143	0.01438292	0.00068454	0.00963820	0.01143345	0.00455007	0.01894996
G[C>G]A	0.00033212	0.00169424	0.01722516	0.00072604	0.00478857	0.00044849	0.00775693	0.00347338	0.00080977
G[C>G]C	0.00080442	0.00154574	0.00776363	0.00019251	0.00091493	0.00146160	0.06814175	0.00167905	0.00076325
G[C>G]G	0.00017786	0.00105003	0.00110918	0.00101345	0.00045409	0.00005751	0.00327066	0.00021324	0.00010688
G[C>G]T	0.00060575	0.00406317	0.01502644	0.00293021	0.00361585	0.00051836	0.01501189	0.00154974	0.00182459
G[C>T]A	0.00312255	0.01130136	0.00739144	0.01090975	0.00068140	0.07127992	0.01835370	0.03439952	0.00430119
G[C>T]C	0.00064726	0.00089248	0.01536181	0.01243176	0.00007452	0.02514508	0.00240308	0.10774847	0.01440879
G[C>T]G	0.00059439	0.00031300	0.00462579	0.10124794	0.00088251	0.00180626	0.00463510	0.00414306	0.06225777
G[C>T]T	0.00003297	0.00165153	0.03773555	0.01029336	0.00037869	0.08391135	0.00581695	0.07319675	0.00658587
G[T>A]A	0.01366518	0.00503868	0.01682597	0.00264303	0.00239878	0.00153548	0.00122065	0.00205823	0.00193686
G[T>A]C	0.00647500	0.00397946	0.00490270	0.00454563	0.00047820	0.00009137	0.00450058	0.00109071	0.00555927
G[T>A]G	0.01101378	0.00442934	0.02032986	0.00743475	0.00991195	0.00336184	0.00183421	0.00063186	0.00090248
G[T>A]T	0.00670033	0.00762898	0.00649811	0.00798124	0.00457128	0.00069062	0.00452621	0.00256812	0.00940668
G[T>C]A	0.06001749	0.00351012	0.00361758	0.00884791	0.02276891	0.00569708	0.00407021	0.00983285	0.00236793
G[T>C]C	0.01146648	0.00210203	0.00041395	0.01468426	0.00649027	0.00268283	0.00791947	0.00490554	0.01612834
G[T>C]G	0.02566096	0.00190787	0.00168850	0.00217698	0.02895713	0.01248123	0.00400493	0.00510441	0.00837948
G[T>C]T	0.03291880	0.00266125	0.00166221	0.00739712	0.02676080	0.00736699	0.00554298	0.00664320	0.01369874
G[T>G]A	0.00166391	0.00061694	0.00192436	0.00064878	0.00091010	0.00046611	0.00389988	0.00418994	0.00115998
G[T>G]C	0.00078937	0.00142407	0.00103722	0.00083146	0.00064058	0.00006911	0.00502239	0.00080555	0.00474691
G[T>G]G	0.00255128	0.00135986	0.00692135	0.00566738	0.00057083	0.00088591	0.00447058	0.00247349	0.00216453
G[T>G]T	0.00050872	0.00146418	0.00060869	0.00378803	0.00025024	0.00103914	0.01010727	0.00278810	0.05224184
T[C>A]A	0.00177334	0.04164876	0.00853327	0.01043041	0.01125145	0.00993318	0.01782739	0.00113667	0.01873527
T[C>A]C	0.00176883	0.03295965	0.01285926	0.00995274	0.01053938	0.00425852	0.01823602	0.01273738	0.01115637
T[C>A]G	0.00007573	0.00478140	0.00016827	0.00225504	0.00205503	0.00036071	0.00089664	0.00057509	0.00076285
T[C>A]T	0.00191147	0.05517336	0.01540312	0.02792271	0.00598494	0.01325366	0.02673656	0.00910831	0.03471865
T[C>G]A	0.00233013	0.00482114	0.01130959	0.00008225	0.00376270	0.00646066	0.01683979	0.00397571	0.00114098
T[C>G]C	0.00132583	0.00519992	0.00834702	0.00284246	0.00200653	0.00383039	0.01387934	0.00402515	0.00101576
T[C>G]G	0.00010585	0.00101886	0.00062262	0.00156586	0.00088084	0.00047814	0.00327844	0.00023669	0.00014787
T[C>G]T	0.00134989	0.01014112	0.01323143	0.00075618	0.00966888	0.00451285	0.03268106	0.00352653	0.00537164
T[C>T]A	0.00673602	0.02983060	0.00148398	0.00998122	0.00404537	0.06576126	0.02489452	0.02580205	0.00285244
T[C>T]C	0.00347588	0.03008824	0.00080045	0.01582089	0.00414743	0.02997357	0.02766628	0.05625144	0.01281617
T[C>T]G	0.00043972	0.00788143	0.00163978	0.05489829	0.00171941	0.00304804	0.00799761	0.00170763	0.02078723
T[C>T]T	0.01079731	0.03081617	0.01713003	0.00790659	0.00771970	0.06498308	0.02374812	0.06579966	0.00406688
T[T>A]A	0.04145122	0.01205037	0.02232112	0.02421781	0.00696605	0.00106726	0.01088738	0.00973502	0.00730524
T[T>A]C	0.00880959	0.00917352	0.00768591	0.00393221	0.00430829	0.00244924	0.00720410	0.00026036	0.00248363
T[T>A]G	0.01517942	0.00573728	0.02490860	0.00236331	0.00805996	0.01103377	0.00266739	0.00048304	0.00045695
T[T>A]T	0.01936081	0.01703013	0.01121443	0.01246680	0.00460990	0.00386200	0.00273069	0.00447909	0.01976769
T[T>C]A	0.08456699	0.00004727	0.00993513	0.00170303	0.02843720	0.01252684	0.00162363	0.00720153	0.00043605
T[T>C]C	0.01373771	0.00451171	0.00083244	0.01153072	0.01588254	0.00039410	0.00727631	0.00437630	0.01211677
T[T>C]G	0.01954157	0.00006876	0.00728149	0.00116318	0.04122046	0.01182227	0.00105086	0.00155504	0.00412670
T[T>C]T	0.04043958	0.00202233	0.00844726	0.00950168	0.03324980	0.00832318	0.00370704	0.00451567	0.01267602
T[T>G]A	0.00500310	0.00096735	0.00459479	0.00122420	0.00103931	0.00125485	0.01098108	0.00600957	0.00188177
T[T>G]C	0.00142332	0.00246598	0.00179025	0.00169796	0.00100140	0.00043117	0.00856828	0.00169855	0.00199281
T[T>G]G	0.00422226	0.00065922	0.01870500	0.00233939	0.00351100	0.00516123	0.00874626	0.00238580	0.00123185
T[T>G]T	0.00331251	0.00377631	0.00409634	0.01714641	0.00036167	0.00005008	0.02714758	0.00316964	0.05191800
