Sample Names	Cluster
0	13
1	13
2	13
3	10
4	13
5	13
6	13
7	13
8	10
9	13
10	4
11	15
12	15
13	11
14	8
15	15
16	13
17	11
18	11
19	11
20	10
21	11
22	13
23	11
24	13
25	13
26	11
27	13
28	11
29	11
30	13
31	13
32	13
33	13
34	15
35	11
36	15
37	11
38	11
39	13
40	11
41	11
42	11
43	13
44	13
45	11
46	13
47	10
48	12
49	13
50	6
51	6
52	6
53	6
54	6
55	6
56	2
57	15
58	13
59	15
60	15
61	15
62	14
63	15
64	14
65	2
66	15
67	15
68	7
69	15
70	7
71	14
72	15
73	14
74	14
75	15
76	15
77	15
78	14
79	14
80	15
81	7
82	15
83	15
84	15
85	15
86	14
87	15
88	15
89	14
90	14
91	15
92	15
93	15
94	15
95	14
96	15
97	15
98	7
99	15
100	14
101	15
102	15
103	15
104	14
105	7
106	15
107	15
108	15
109	14
110	15
111	6
112	14
113	15
114	14
115	15
116	15
117	6
118	14
119	14
120	15
121	15
122	15
123	14
124	14
125	15
126	15
127	15
128	15
129	15
130	15
131	15
132	13
133	15
134	14
135	13
136	15
137	15
138	15
139	13
140	14
141	14
142	15
143	14
144	6
145	14
146	15
147	15
148	15
149	15
150	14
151	13
152	6
153	15
154	15
155	15
156	14
157	15
158	15
159	14
160	15
161	15
162	15
163	6
164	15
165	15
166	1
167	3
168	1
169	5
170	1
171	1
172	1
173	16
174	11
175	9
176	6
177	11
178	11
179	15
180	11
